latencia,2,10,2,9,2 
 mh,1,2,2,2,2 
 clonados,1,0,0,0,0 
 pkts,3685728420,26386886,-123523741,14622843,-48137887 
TX,3019404833,RX,3019404833,DROP_MCAST_PORT_OUT_BOUNDS,0,DROP,94
latencia,2,10,2,9,2 
 mh,1,2,2,2,2 
 clonados,1,0,0,0,0 
 pkts,3559981070,74717466,155974974,-211645102,-29368078 
TX,3019462149,RX,3019462149,DROP_MCAST_PORT_OUT_BOUNDS,0,DROP,91
latencia,2,9,2,9,2 
 mh,1,2,2,2,2 
 clonados,1,0,0,0,0 
 pkts,3688381045,-10262150,-109254472,92259789,-103827720 
TX,3018762075,RX,3018762075,DROP_MCAST_PORT_OUT_BOUNDS,0,DROP,95
latencia,2,10,2,10,2 
 mh,1,2,2,2,2 
 clonados,1,0,0,0,0 
 pkts,3832551228,50231702,-3788234,77852652,-185206210 
TX,3015233047,RX,3015233047,DROP_MCAST_PORT_OUT_BOUNDS,0,DROP,92
latencia,2,10,2,9,2 
 mh,1,2,2,2,2 
 clonados,1,0,0,0,0 
 pkts,3923573095,-77421725,110438676,-167905014,207139753 
TX,2973251124,RX,2973251124,DROP_MCAST_PORT_OUT_BOUNDS,0,DROP,95
latencia,2,9,2,10,2 
 mh,1,2,2,2,2 
 clonados,1,0,0,0,0 
 pkts,3332616311,912761834,-21719417,-41771296,-56362964 
TX,3018925835,RX,3018925835,DROP_MCAST_PORT_OUT_BOUNDS,0,DROP,95
latencia,2,10,2,10,2 
 mh,1,2,2,2,2 
 clonados,1,0,0,0,0 
 pkts,4148914642,63825395,21206575,-51881650,-142732859 
TX,3018907412,RX,3018907412,DROP_MCAST_PORT_OUT_BOUNDS,0,DROP,94
latencia,2,10,2,10,2 
 mh,1,2,2,2,2 
 clonados,1,0,0,0,0 
 pkts,4087533423,159819782,-943806628,753432848,-9126842 
TX,3018725229,RX,3018725229,DROP_MCAST_PORT_OUT_BOUNDS,0,DROP,99
latencia,2,10,2,10,2 
 mh,1,2,2,2,2 
 clonados,1,0,0,0,0 
 pkts,4165515990,-41845923,-68826237,16806528,-172092650 
TX,3019959570,RX,3019959570,DROP_MCAST_PORT_OUT_BOUNDS,0,DROP,91
latencia,2,11,2,9,2 
 mh,1,2,2,2,2 
 clonados,1,0,0,0,0 
 pkts,4090661275,-159836300,-2441354,4220237,9437018 
TX,3019058890,RX,3019058890,DROP_MCAST_PORT_OUT_BOUNDS,0,DROP,94
