latencia,2,10,2,10,2,10,2 
 mh,1,2,2,2,2,2,2 
 clonados,1,0,0,0,0,0,0 
 pkts,4058151265,94281708,-79657255,12088735,44808360,-40007946,172825454 
TX,3038220857,RX,3038220857,DROP_MCAST_PORT_OUT_BOUNDS,0,DROP,91
latencia,2,10,2,10,2,10,2 
 mh,1,2,2,2,2,2,2 
 clonados,1,0,0,0,0,0,0 
 pkts,3702960008,-33557838,22268703,84236294,-197751592,107211478,61108942 
TX,3038288408,RX,3038288408,DROP_MCAST_PORT_OUT_BOUNDS,0,DROP,87
latencia,2,10,2,11,2,10,2 
 mh,1,2,2,2,2,2,2 
 clonados,1,0,0,0,0,0,0 
 pkts,3859147502,-88161377,-34534959,20540781,30763313,-15787777,27035470 
TX,3038194246,RX,3038194246,DROP_MCAST_PORT_OUT_BOUNDS,0,DROP,91
latencia,2,10,2,10,2,10,2 
 mh,1,2,2,2,2,2,2 
 clonados,1,0,0,0,0,0,0 
 pkts,3464958821,-167847456,36269848,903910405,-859439575,-20244818,-42305933 
TX,3039256639,RX,3039256639,DROP_MCAST_PORT_OUT_BOUNDS,0,DROP,92
latencia,2,10,2,9,2,10,2 
 mh,1,2,2,2,2,2,2 
 clonados,1,0,0,0,0,0,0 
 pkts,3407529901,838301777,32950657,-39941337,-99225108,149629670,-67183153 
TX,3038882038,RX,3038882038,DROP_MCAST_PORT_OUT_BOUNDS,0,DROP,95
latencia,2,10,2,9,2,10,2 
 mh,1,2,2,2,2,2,2 
 clonados,1,0,0,0,0,0,0 
 pkts,4077504192,5275840,117777168,-107984773,108273925,-183838346,-55008218 
TX,3038640492,RX,3038640492,DROP_MCAST_PORT_OUT_BOUNDS,0,DROP,91
latencia,2,9,3,9,2,9,2 
 mh,1,2,2,2,2,2,2 
 clonados,1,0,0,0,0,0,0 
 pkts,3668853180,2651692,60417975,-165188404,37436208,83231005,-197853103 
TX,3038744889,RX,3038744889,DROP_MCAST_PORT_OUT_BOUNDS,0,DROP,88
latencia,2,10,2,10,2,9,2 
 mh,1,2,2,2,2,2,2 
 clonados,1,0,0,0,0,0,0 
 pkts,3498812990,-60822157,156135520,-67196536,-81612694,65640220,-7678388 
TX,3038243374,RX,3038243374,DROP_MCAST_PORT_OUT_BOUNDS,0,DROP,92
latencia,2,10,2,11,2,9,2 
 mh,1,2,2,2,2,2,2 
 clonados,1,0,0,0,0,0,0 
 pkts,4209730900,65017463,-75769427,53534057,-30115761,53245178,-50566635 
TX,3038630257,RX,3038630257,DROP_MCAST_PORT_OUT_BOUNDS,0,DROP,89
latencia,2,9,2,10,2,10,2 
 mh,1,2,2,2,2,2,2 
 clonados,1,0,0,0,0,0,0 
 pkts,4093493372,127683378,-115770955,-20203974,23952706,-97844417,33725213 
TX,3038912743,RX,3038912743,DROP_MCAST_PORT_OUT_BOUNDS,0,DROP,94
